1 0.002
2 0.002
3 0.001
4 0.001
5 0.001
6 0.002
7 0.001
8 0.002
9 0.002
10 0.002
11 0.002
12 0.002
13 0.003
14 0.003
15 0.002
16 0.003
17 0.004
18 0.004
19 0.004
20 0.004
21 0.004
22 0.004
23 0.005
24 0.004
25 0.005
26 0.006
27 0.006
28 0.006
29 0.006
30 0.006
31 0.007
32 0.007
33 0.007
34 0.007
35 0.008
36 0.008
37 0.009
38 0.008
39 0.008
40 0.009
41 0.009
42 0.01
43 0.01
44 0.01
45 0.011
46 0.022
47 0.011
48 0.011
49 0.011
50 0.011
51 0.015
52 0.012
53 0.013
54 0.013
55 0.013
56 0.013
57 0.014
58 0.014
59 0.015
60 0.015
61 0.015
62 0.016
63 0.016
64 0.017
65 0.016
66 0.017
67 0.018
68 0.018
69 0.018
70 0.019
71 0.02
72 0.02
73 0.02
74 0.02
75 0.021
76 0.022
77 0.023
78 0.023
79 0.023
80 0.024
81 0.025
82 0.025
83 0.026
84 0.025
85 0.026
86 0.026
87 0.027
88 0.028
89 0.028
90 0.029
91 0.029
92 0.03
93 0.03
94 0.032
95 0.031
96 0.032
97 0.032
98 0.034
99 0.034
100 0.035
101 0.034
102 0.035
103 0.035
104 0.037
105 0.037
106 0.037
107 0.038
108 0.038
109 0.039
110 0.04
111 0.041
112 0.041
113 0.041
114 0.043
115 0.043
116 0.044
117 0.044
118 0.046
119 0.047
120 0.047
121 0.048
122 0.048
123 0.049
124 0.049
125 0.051
126 0.051
127 0.051
128 0.053
129 0.054
130 0.053
131 0.055
132 0.056
133 0.055
134 0.058
135 0.057
136 0.059
137 0.059
138 0.061
139 0.062
140 0.061
141 0.062
142 0.063
143 0.064
144 0.066
145 0.064
146 0.067
147 0.066
148 0.069
149 0.067
150 0.069
151 0.071
152 0.07
153 0.071
154 0.072
155 0.073
156 0.074
157 0.075
158 0.076
159 0.077
160 0.077
161 0.078
162 0.079
163 0.079
164 0.08
165 0.082
166 0.083
167 0.083
168 0.085
169 0.086
170 0.087
171 0.086
172 0.089
173 0.089
174 0.09
175 0.09
176 0.097
177 0.093
178 0.095
179 0.096
180 0.095
181 0.098
182 0.099
183 0.099
184 0.1
185 0.101
186 0.103
187 0.103
188 0.111
189 0.105
190 0.106
191 0.106
192 0.11
193 0.108
194 0.111
195 0.111
196 0.111
197 0.112
198 0.114
199 0.115
200 0.116
201 0.118
202 0.119
203 0.121
204 0.122
205 0.121
206 0.123
207 0.122
208 0.131
209 0.075
210 0.076
211 0.076
212 0.077
213 0.079
214 0.079
215 0.08
216 0.08
217 0.08
218 0.081
219 0.083
220 0.082
221 0.085
222 0.084
223 0.086
224 0.085
225 0.087
226 0.087
227 0.088
228 0.088
229 0.09
230 0.09
231 0.09
232 0.099
233 0.089
234 0.091
235 0.09
236 0.091
237 0.092
238 0.092
239 0.094
240 0.095
241 0.095
242 0.096
243 0.097
244 0.097
245 0.098
246 0.098
247 0.1
248 0.123
249 0.1
250 0.101
251 0.109
252 0.118
253 0.117
254 0.113
255 0.106
256 0.107
257 0.107
258 0.109
259 0.109
260 0.109
261 0.12
262 0.122
263 0.111
264 0.113
265 0.114
266 0.114
267 0.115
268 0.116
269 0.117
270 0.121
271 0.147
272 0.138
273 0.12
274 0.121
275 0.122
276 0.122
277 0.123
278 0.124
279 0.147
280 0.125
281 0.127
282 0.128
283 0.128
284 0.158
285 0.133
286 0.136
287 0.136
288 0.137
289 0.138
290 0.138
291 0.14
292 0.14
293 0.141
294 0.142
295 0.144
296 0.144
297 0.145
298 0.145
299 0.145
300 0.147
301 0.148
302 0.15
303 0.149
304 0.151
305 0.156
306 0.155
307 0.154
308 0.155
309 0.156
310 0.156
311 0.159
312 0.159
313 0.16
314 0.16
315 0.163
316 0.161
317 0.163
318 0.166
319 0.164
320 0.167
321 0.168
322 0.168
323 0.169
324 0.17
325 0.172
326 0.173
327 0.174
328 0.178
329 0.175
330 0.181
331 0.195
332 0.186
333 0.18
334 0.188
335 0.194
336 0.196
337 0.197
338 0.193
339 0.185
340 0.187
341 0.19
342 0.19
343 0.191
344 0.191
345 0.192
346 0.192
347 0.194
348 0.199
349 0.196
350 0.199
351 0.198
352 0.2
353 0.2
354 0.203
355 0.201
356 0.203
357 0.205
358 0.206
359 0.206
360 0.208
361 0.21
362 0.21
363 0.212
364 0.213
365 0.215
366 0.218
367 0.216
368 0.217
369 0.22
370 0.219
371 0.22
372 0.221
373 0.223
374 0.225
375 0.229
376 0.228
377 0.226
378 0.229
379 0.228
380 0.23
381 0.231
382 0.234
383 0.238
384 0.235
385 0.236
386 0.237
387 0.239
388 0.24
389 0.242
390 0.244
391 0.244
392 0.252
393 0.255
394 0.256
395 0.27
396 0.249
397 0.25
398 0.255
399 0.252
400 0.255
401 0.255
402 0.257
403 0.259
404 0.258
405 0.26
406 0.261
407 0.263
408 0.263
409 0.265
410 0.266
411 0.268
412 0.273
413 0.275
414 0.27
415 0.273
416 0.273
417 0.275
418 0.274
419 0.279
420 0.279
421 0.279
422 0.282
423 0.284
424 0.283
425 0.286
426 0.287
427 0.29
428 0.29
429 0.291
430 0.293
431 0.293
432 0.293
433 0.297
434 0.304
435 0.305
436 0.307
437 0.31
438 0.308
439 0.31
440 0.306
441 0.314
442 0.315
443 0.299
444 0.304
445 0.302
446 0.303
447 0.305
448 0.304
449 0.309
450 0.307
451 0.31
452 0.334
453 0.313
454 0.311
455 0.314
456 0.316
457 0.317
458 0.32
459 0.318
460 0.322
461 0.322
462 0.324
463 0.325
464 0.346
465 0.327
466 0.329
467 0.331
468 0.332
469 0.334
470 0.333
471 0.335
472 0.349
473 0.359
474 0.34
475 0.365
476 0.342
477 0.345
478 0.345
479 0.347
480 0.364
481 0.367
482 0.369
483 0.39
484 0.371
485 0.401
486 0.372
487 0.374
488 0.39
489 0.372
490 0.375
491 0.376
492 0.377
493 0.379
494 0.38
495 0.381
496 0.386
497 0.389
498 0.384
499 0.388
500 0.39
501 0.394
502 0.393
503 0.398
504 0.399
505 0.401
506 0.409
507 0.404
508 0.406
509 0.407
510 0.409
511 0.41
512 0.412
513 0.412
514 0.414
515 0.429
516 0.454
517 0.4
518 0.402
519 0.421
520 0.436
521 0.426
522 0.437
523 0.43
524 0.452
525 0.432
526 0.445
527 0.43
528 0.431
529 0.434
530 0.434
531 0.436
532 0.438
533 0.444
534 0.44
535 0.443
536 0.445
537 0.446
538 0.453
539 0.453
540 0.454
541 0.471
542 0.466
543 0.458
544 0.478
545 0.463
546 0.582
547 0.474
548 0.465
549 0.468
550 0.467
551 0.469
552 0.47
553 0.472
554 0.474
555 0.476
556 0.478
557 0.478
558 0.486
559 0.477
560 0.486
561 0.502
562 0.51
563 0.489
564 0.509
565 0.517
566 0.495
567 0.498
568 0.521
569 0.498
570 0.5
571 0.503
572 0.504
573 0.509
574 0.51
575 0.528
576 0.514
577 0.512
578 0.522
579 0.519
580 0.557
581 0.551
582 0.536
583 0.523
584 0.524
585 0.527
586 0.528
587 0.53
588 0.535
589 0.532
590 0.535
591 0.538
592 0.539
593 0.542
594 0.54
595 0.548
596 0.543
597 0.547
598 0.588
599 0.534
600 0.534
601 0.536
602 0.56
603 0.575
604 0.604
605 0.564
606 0.565
607 0.565
608 0.567
609 0.573
610 0.563
611 0.555
612 0.573
613 0.631
614 0.625
615 0.585
616 0.579
617 0.582
618 0.588
619 0.588
620 0.596
621 0.589
622 0.596
623 0.576
624 0.576
625 0.58
626 0.597
627 0.581
628 0.585
629 0.608
630 0.584
631 0.612
632 0.611
633 0.612
634 0.596
635 0.62
636 0.6
637 0.6
638 0.602
639 0.603
640 0.604
641 0.621
642 0.615
643 0.643
644 0.63
645 0.683
646 0.692
647 0.643
648 0.644
649 0.644
650 0.645
651 0.648
652 0.65
653 0.654
654 0.656
655 0.633
656 0.634
657 0.66
658 0.671
659 0.661
660 0.661
661 0.661
662 0.664
663 0.665
664 0.667
665 0.765
666 0.651
667 0.678
668 0.679
669 0.684
670 0.682
671 0.689
672 0.676
673 0.671
674 0.672
675 0.671
676 0.674
677 0.716
678 0.727
679 0.68
680 0.681
681 0.682
682 0.707
683 0.688
684 0.682
685 0.686
686 0.688
687 0.74
688 0.709
689 0.705
690 0.702
691 0.72
692 0.721
693 0.745
694 0.724
695 0.728
696 0.767
697 0.717
698 0.717
699 0.739
700 0.723
701 0.724
702 0.724
703 0.786
704 0.758
705 0.75
706 0.75
707 0.752
708 0.756
709 0.886
710 0.78
711 0.759
712 0.772
713 0.774
714 0.787
715 0.769
716 0.77
717 0.771
718 0.758
719 0.798
720 0.763
721 0.764
722 0.766
723 0.771
724 0.791
725 0.77
726 0.765
727 0.767
728 0.77
729 0.803
730 0.772
731 0.808
732 0.787
733 0.786
734 0.814
735 0.824
736 0.849
737 0.816
738 0.87
739 0.821
740 0.801
741 0.806
742 0.807
743 0.83
744 0.831
745 0.854
746 0.832
747 0.835
748 0.892
749 0.839
750 0.84
751 0.881
752 0.829
753 0.87
754 0.851
755 0.872
756 0.853
757 0.879
758 0.842
759 0.849
760 0.863
761 0.848
762 0.87
763 0.835
764 0.844
765 0.847
766 0.875
767 0.853
768 0.879
769 0.867
770 0.918
771 0.891
772 0.889
773 0.889
774 0.894
775 0.915
776 0.972
777 0.92
778 0.915
779 0.918
780 0.918
781 0.917
782 0.913
783 0.914
784 0.919
785 0.918
786 0.921
787 0.941
788 0.964
789 0.909
790 0.966
791 0.957
792 0.956
793 0.934
794 0.992
795 0.94
796 0.97
797 0.947
798 0.946
799 0.948
800 0.973
801 0.931
802 0.965
803 0.957
804 0.991
805 0.956
806 0.951
807 0.968
808 0.992
809 0.971
810 0.978
811 0.958
812 0.982
813 0.962
814 0.987
815 0.97
816 0.992
817 0.969
818 0.963
819 0.961
820 1.051
821 0.971
822 1.001
823 1.071
824 1.029
825 1.008
826 1.03
827 1.081
828 1.036
829 1.037
830 1.039
831 1.017
832 1.03
833 1.007
834 1.017
835 1.072
836 1.036
837 1.087
838 1.04
839 1.048
840 1.043
841 1.1
842 1.048
843 1.059
844 1.037
845 1.04
846 1.038
847 1.048
848 1.031
849 1.081
850 1.099
851 1.054
852 1.056
853 1.05
854 1.094
855 1.099
856 1.104
857 1.13
858 1.105
859 1.122
860 1.109
861 1.116
862 1.099
863 1.1
864 1.168
865 1.104
866 1.107
867 1.185
868 1.118
869 1.114
870 1.116
871 1.132
872 1.12
873 1.126
874 1.112
875 1.133
876 1.159
877 1.097
878 1.125
879 1.103
880 1.107
881 1.158
882 1.135
883 1.114
884 1.152
885 1.176
886 1.179
887 1.178
888 1.164
889 1.18
890 1.192
891 1.189
892 1.194
893 1.173
894 1.176
895 1.201
896 1.195
897 1.204
898 1.186
899 1.196
900 1.191
901 1.179
902 1.244
903 1.177
904 1.184
905 1.214
906 1.183
907 1.173
908 1.198
909 1.197
910 1.21
911 1.22
912 1.344
913 1.269
914 1.293
915 1.257
916 1.257
917 1.255
918 1.258
919 1.242
920 1.244
921 1.281
922 1.287
923 1.238
924 1.259
925 1.251
926 1.258
927 1.302
928 1.252
929 1.247
930 1.256
931 1.232
932 1.236
933 1.3
934 1.242
935 1.279
936 1.31
937 1.288
938 1.292
939 1.336
940 1.317
941 1.299
942 1.325
943 1.312
944 1.324
945 1.333
946 1.319
947 1.332
948 1.396
949 1.34
950 1.345
951 1.368
952 1.399
953 1.363
954 1.364
955 1.34
956 1.338
957 1.405
958 1.343
959 1.346
960 1.466
961 1.385
962 1.364
963 1.386
964 1.348
965 1.335
966 1.337
967 1.326
968 1.33
969 1.343
970 1.336
971 1.45
972 1.365
973 1.387
974 1.411
975 1.414
976 1.469
977 1.421
978 1.404
979 1.401
980 1.426
981 1.41
982 1.414
983 1.486
984 1.42
985 1.501
986 1.42
987 1.425
988 1.493
989 1.412
990 1.414
991 1.431
992 1.457
993 1.419
994 1.397
995 1.404
996 1.459
997 1.447
998 1.532
999 1.527
1000 1.493
